start=59.142000
panscan=1.000000
