start=187.587400
mute=yes
panscan=1.000000
