start=57.400000
pause=yes
panscan=1.000000
