start=64.999989
panscan=1.000000
