start=611.235625
audio-delay=0.900000
