start=144.269000
pause=yes
sub-scale=0.900000
