start=149.640000
speed=1.771561
pause=yes
