start=1.877000
speed=0.909091
