start=23.280000
volume=98.000000
