start=221.286168
pause=yes
panscan=1.000000
