start=7.132000
volume=98.000000
