start=353.061042
panscan=0.100000
sub-pos=99
ab-loop-a=20.687000
