start=3.837000
fullscreen=yes
sub-pos=97
sub-scale=1.100000
