start=48.423000
speed=0.909091
pause=yes
