start=89.381000
speed=0.909091
pause=yes
