start=970.203000
pause=yes
volume=85.000000
