start=1359.733000
fullscreen=yes
sid=1
sub-scale=0.800000
