start=901.950000
pause=yes
aid=1
sid=2
sub-scale=0.800000
